%YAML:1.0
---
cameraMatrix: !!opencv-matrix
   rows: 3
   cols: 3
   dt: d
   data: [ 6.1143320163846079e+02, 0., 3.2313976198747901e+02, 0.,
       6.1140722395940838e+02, 2.3360498615269242e+02, 0., 0., 1. ]
distCoeffs: !!opencv-matrix
   rows: 1
   cols: 5
   dt: d
   data: [ 7.1068028673282643e-02, 4.4500092537351854e-01,
       2.1092919431862389e-03, -5.1960128246744512e-04,
       -2.1184080523312701e+00 ]
handEyeRotation: !!opencv-matrix
   rows: 3
   cols: 3
   dt: d
   data: [ -9.9944225033495471e-01, -3.2630468940321920e-02,
       -7.1021646092200106e-03, 3.2706826940973183e-02,
       -9.9940538929563405e-01, -1.0914729419253803e-02,
       -6.7417888468122196e-03, -1.1140931001356217e-02,
       9.9991521037514386e-01 ]
handEyeTranslation: !!opencv-matrix
   rows: 3
   cols: 1
   dt: d
   data: [ 3.3546220785731544e-02, -6.1462439004651079e-02,
       -1.1776576263539187e-01 ]
